{
	"environment":	"night.hdre",
	"background_color":	[0.00999999977648258, 0.00999999977648258, 0.10000000149011612],
	"ambient_light":	[0.0390121266245842, 0.00829008221626282, 0.11274510622024536],
	"camera_position":	[-637.80950927734375, 477.45330810546875, -548.4124755859375],
	"camera_target":	[293.58099365234375, -114.34375, -399.2921142578125],
	"camera_fov":	80,
	"entities":	[{
			"name":	"floor",
			"type":	"PREFAB",
			"filename":	"prefabs/floor/floor.glb",
			"model":	[1, 0, 0, 0, 0, 1, 0, 0, 0, 0, 1, 0, 0, 0, 0, 1]
		}, {
			"name":	"gmc",
			"type":	"PREFAB",
			"filename":	"prefabs/gmc/scene.gltf",
			"model":	[0.70710676908493042, 0, -0.70710676908493042, 0, 0, 1, 0, 0, 0.70710676908493042, 0, 0.70710676908493042, 0, -183, -2, -67, 1]
		}, {
			"name":	"fallout",
			"type":	"PREFAB",
			"filename":	"prefabs/fallout/scene.gltf",
			"model":	[-0.25711506605148315, -4.67930391323534e-07, -0.3064177930355072, 0, -1.70312745240153e-07, 0.39999997615814209, -4.67930306058406e-07, 0, 0.3064177930355072, -1.70312759451008e-07, -0.25711506605148315, 0, -190.43499755859375, 21, 222, 1]
		}, {
			"name":	"fallout 1",
			"type":	"PREFAB",
			"filename":	"prefabs/fallout/scene.gltf",
			"model":	[-0.37587705254554749, 0, 0.13680808246135712, 0, 0, 0.40000000596046448, 0, 0, -0.13680808246135712, 0, -0.37587705254554749, 0, 350, 21, 926, 1]
		}, {
			"name":	"ambulance",
			"type":	"PREFAB",
			"filename":	"prefabs/ambulance/scene.gltf",
			"model":	[0.70710676908493042, 0, 0.70710676908493042, 0, 0, 1, 0, 0, -0.70710676908493042, 0, 0.70710676908493042, 0, 866, 2.7999999523162842, -225, 1]
		}, {
			"name":	"matador",
			"type":	"PREFAB",
			"filename":	"prefabs/matador/scene.gltf",
			"model":	[-0.2828427255153656, 0, -0.2828427255153656, 0, 0, 0.40000000596046448, 0, 0, 0.2828427255153656, 0, -0.2828427255153656, 0, 841, 0.0500000007450581, 379, 1]
		}, {
			"name":	"matador 1",
			"type":	"PREFAB",
			"filename":	"prefabs/matador/scene.gltf",
			"model":	[-0.375877171754837, -6.84068538703286e-07, 0.13680805265903473, 0, -9.76950900621887e-07, 0.40000000596046448, -6.84068425016449e-07, 0, -0.13680805265903473, -9.76951014308725e-07, -0.375877171754837, 0, 350, 1.17132568359375, -926, 1]
		}, {
			"name":	"house",
			"type":	"PREFAB",
			"filename":	"prefabs/house_test/scene.gltf",
			"model":	[0.40000000596046448, 0, 0, 0, 0, 0.40000000596046448, 0, 0, 0, 0, 0.40000000596046448, 0, 300, 0, 200, 1]
		}, {
			"name":	"house 1",
			"type":	"PREFAB",
			"filename":	"prefabs/house_test/scene.gltf",
			"model":	[0.40000000596046448, 0, 0, 0, 0, 0.40000000596046448, 0, 0, 0, 0, 0.40000000596046448, 0, 300, 0, -200, 1]
		}, {
			"name":	"trash",
			"type":	"PREFAB",
			"filename":	"prefabs/trash_can/scene.gltf",
			"model":	[0.5, 0, 0, 0, 0, 0.5, 0, 0, 0, 0, 0.5, 0, 137.06500244140625, 0, 33.207000732421875, 1]
		}, {
			"name":	"tree",
			"type":	"PREFAB",
			"filename":	"prefabs/tree/scene.gltf",
			"model":	[-3.49691120504758e-08, 0, -0.800000011920929, 0, 0, 0.79999995231628418, 0, 0, 0.800000011920929, 0, -3.49691120504758e-08, 0, 80, 0, -400, 1]
		}, {
			"name":	"spot",
			"type":	"PREFAB",
			"filename":	"prefabs/spotlight/scene.gltf",
			"model":	[-5.6381559371948242, 0, 2.0521211624145508, 0, 0, 6, 0, 0, -2.0521211624145508, 0, -5.6381559371948242, 0, 156, 109, -149, 1]
		}, {
			"name":	"spot 1",
			"type":	"PREFAB",
			"filename":	"prefabs/spotlight/scene.gltf",
			"model":	[-5.7955551147460938, 0, -1.5529143810272217, 0, 0, 6, 0, 0, 1.5529143810272217, 0, -5.7955551147460938, 0, 156, 109, 315, 1]
		}, {
			"name":	"spot 2",
			"type":	"PREFAB",
			"filename":	"prefabs/spotlight/scene.gltf",
			"model":	[5.6381559371948242, 0, -2.0521206855773926, 0, 0, 6, 0, 0, 2.0521206855773926, 0, 5.6381559371948242, 0, 510.22100830078125, 109.02400207519531, -150.4530029296875, 1]
		}, {
			"name":	"spot 3",
			"type":	"PREFAB",
			"filename":	"prefabs/spotlight/scene.gltf",
			"model":	[5.7955551147460938, 0, 1.5529142618179321, 0, 0, 6, 0, 0, -1.5529142618179321, 0, 5.7955551147460938, 0, 505.78500366210938, 109, 315, 1]
		}, {
			"name":	"flash ",
			"type":	"PREFAB",
			"filename":	"prefabs/flashlight/scene.gltf",
			"model":	[-0.49999997019767761, -0.70710676908493042, 0.49999994039535522, 0, 0.70710676908493042, -4.37113882867379e-08, 0.70710676908493042, 0, -0.49999994039535522, 0.70710676908493042, 0.49999997019767761, 0, 18.563999176025391, 41.5, -126.91300201416016, 1]
		}, {
			"name":	"front drawer",
			"type":	"PREFAB",
			"filename":	"prefabs/drawer/scene.gltf",
			"model":	[-0.20000000298023224, 0, -1.74845560252379e-08, 0, 0, 0.20000000298023224, 0, 0, 1.74845560252379e-08, 0, -0.20000000298023224, 0, 16.136999130249023, 0, -111.67099761962891, 1]
		}, {
			"name":	"back drawer",
			"type":	"PREFAB",
			"filename":	"prefabs/drawer/scene.gltf",
			"model":	[0.20000000298023224, 0, 0, 0, 0, 0.20000000298023224, 0, 0, 0, 0, 0.20000000298023224, 0, 583.3179931640625, 0, 62.556999206542969, 1]
		}, {
			"name":	"lamp",
			"type":	"PREFAB",
			"filename":	"prefabs/lamp/scene.gltf",
			"model":	[1, 0, 0, 0, 0, 1, 0, 0, 0, 0, 1, 0, 583.3179931640625, 40, 62.556999206542969, 1]
		}, {
			"name":	"lamp light",
			"type":	"LIGHT",
			"color":	[0.67000001668930054, 0.67000001668930054, 0.449999988079071],
			"intensity":	0,
			"max_dist":	250,
			"light_type":	"POINT",
			"model":	[1, 0, 0, 0, 0, 1, 0, 0, 0, 0, 1, 0, 583.99102783203125, 54.991001129150391, 62.783000946044922, 1]
		}, {
			"name":	"flashlight",
			"type":	"LIGHT",
			"color":	[1, 0.89999997615814209, 0.800000011920929],
			"intensity":	2,
			"max_dist":	1000,
			"cone_angle":	20,
			"cone_exp":	30,
			"cast_shadows":	true,
			"shadow_bias":	0.0149999996647239,
			"light_type":	"SPOT",
			"model":	[-0.731353759765625, 0, 0.68199831247329712, 0, 0, 1, 0, 0, -0.68199831247329712, 0, -0.731353759765625, 0, 35.367000579833984, 41, -111.17099761962891, 1]
		}, {
			"name":	"moonlight",
			"type":	"LIGHT",
			"color":	[0.00134563667234033, 0.0013612542534247, 0.0343137383460999],
			"intensity":	1,
			"max_dist":	1000,
			"area_size":	1500,
			"cast_shadows":	true,
			"light_type":	"DIRECTIONAL",
			"model":	[0.661621630191803, 0, -0.74983775615692139, 0, 0.59822404384613037, 0.60291600227355957, 0.52784478664398193, 0, 0.452089250087738, -0.79780465364456177, 0.39890235662460327, 0, 150, 300, 50, 1]
		}, {
			"name":	"spotlight",
			"type":	"LIGHT",
			"color":	[0.300000011920929, 0.60000002384185791, 0.89999997615814209],
			"intensity":	27,
			"max_dist":	1500,
			"cone_angle":	30,
			"cone_exp":	12,
			"cast_shadows":	true,
			"shadow_bias":	0.0149999996647239,
			"light_type":	"SPOT",
			"model":	[-0.25881898403167725, 0, -0.96592587232589722, 0, 0, 1, 0, 0, 0.96592587232589722, 0, -0.25881898403167725, 0, 147, 106, -145, 1]
		}, {
			"name":	"spotlight 1",
			"type":	"LIGHT",
			"color":	[0.800000011920929, 0.20000000298023224, 0.699999988079071],
			"intensity":	17,
			"max_dist":	1500,
			"cone_angle":	30,
			"cone_exp":	12,
			"cast_shadows":	true,
			"shadow_bias":	0.0149999996647239,
			"light_type":	"SPOT",
			"model":	[0.0871557369828224, 0, -0.99619472026824951, 0, 0, 1, 0, 0, 0.99619472026824951, 0, 0.0871557369828224, 0, 145, 106, 313, 1]
		}, {
			"name":	"spotlight 2",
			"type":	"LIGHT",
			"color":	[0.25, 0.75, 0.20000000298023224],
			"intensity":	27,
			"max_dist":	1500,
			"cone_angle":	30,
			"cone_exp":	12,
			"cast_shadows":	true,
			"shadow_bias":	0.0149999996647239,
			"light_type":	"SPOT",
			"model":	[0.25881940126419067, 0, 0.96592575311660767, 0, 0, 1, 0, 0, -0.96592575311660767, 0, 0.25881940126419067, 0, 522.62701416015625, 105.81500244140625, -154.83500671386719, 1]
		}, {
			"name":	"spotlight 3",
			"type":	"LIGHT",
			"color":	[0.20000000298023224, 0.10000000149011612, 0.60000002384185791],
			"intensity":	17,
			"max_dist":	1500,
			"cone_angle":	30,
			"cone_exp":	12,
			"cast_shadows":	true,
			"shadow_bias":	0.0149999996647239,
			"light_type":	"SPOT",
			"model":	[-0.258819043636322, 0, 0.96592581272125244, 0, 0, 1, 0, 0, -0.96592581272125244, 0, -0.258819043636322, 0, 516.6619873046875, 105.81500244140625, 317.65301513671875, 1]
		}, {
			"name":	"spotlight emissive",
			"type":	"LIGHT",
			"color":	[0.300000011920929, 0.60000002384185791, 0.89999997615814209],
			"intensity":	12,
			"max_dist":	20,
			"light_type":	"POINT",
			"model":	[1, 0, 0, 0, 0, 1, 0, 0, 0, 0, 1, 0, 147, 106, -145, 1]
		}, {
			"name":	"spotlight emissive 1",
			"type":	"LIGHT",
			"color":	[0.800000011920929, 0.20000000298023224, 0.699999988079071],
			"intensity":	12,
			"max_dist":	20,
			"light_type":	"POINT",
			"model":	[1, 0, 0, 0, 0, 1, 0, 0, 0, 0, 1, 0, 145, 106, 313, 1]
		}, {
			"name":	"spotlight emissive 2",
			"type":	"LIGHT",
			"color":	[0.25, 0.75, 0.20000000298023224],
			"intensity":	12,
			"max_dist":	20,
			"light_type":	"POINT",
			"model":	[1, 0, 0, 0, 0, 1, 0, 0, 0, 0, 1, 0, 519.7769775390625, 107.38700103759766, -153.66600036621094, 1]
		}, {
			"name":	"spotlight emissive 3",
			"type":	"LIGHT",
			"color":	[0.20000000298023224, 0.10000000149011612, 0.60000002384185791],
			"intensity":	12,
			"max_dist":	20,
			"light_type":	"POINT",
			"model":	[1, 0, 0, 0, 0, 1, 0, 0, 0, 0, 1, 0, 516.5999755859375, 107.23300170898438, 317.91500854492188, 1]
		}, {
			"name":	"point light 1",
			"type":	"LIGHT",
			"color":	[0.58823525905609131, 0.069204144179821, 0.0846514254808426],
			"intensity":	1.0999999046325684,
			"max_dist":	1000,
			"light_type":	"POINT",
			"model":	[1, 0, 0, 0, 0, 1, 0, 0, 0, 0, 1, 0, -1388.3992919921875, 110.8233642578125, -1386.2745361328125, 1]
		}, {
			"name":	"point light 2",
			"type":	"LIGHT",
			"color":	[0.779411792755127, 0.13754324615001678, 0.6661410927772522],
			"intensity":	1.5999999046325684,
			"max_dist":	1000,
			"light_type":	"POINT",
			"model":	[1, 0, 0, 0, 0, 1, 0, 0, 0, 0, 1, 0, -1431.548583984375, 233.44891357421875, -619.35595703125, 1]
		}, {
			"name":	"point light 3",
			"type":	"LIGHT",
			"color":	[0.391562283039093, 0.0592080056667328, 0.54901957511901855],
			"intensity":	2,
			"max_dist":	1000,
			"light_type":	"POINT",
			"model":	[1, 0, 0, 0, 0, 1, 0, 0, 0, 0, 1, 0, -1561.762451171875, 174.78240966796875, 751.82470703125, 1]
		}, {
			"name":	"point light 4",
			"type":	"LIGHT",
			"color":	[0.33987340331077576, 0.17627833783626556, 0.64215683937072754],
			"intensity":	2,
			"max_dist":	1000,
			"light_type":	"POINT",
			"model":	[1, 0, 0, 0, 0, 1, 0, 0, 0, 0, 1, 0, -1363.386962890625, 285.06134033203125, 1476.184814453125, 1]
		}, {
			"name":	"point light 5",
			"type":	"LIGHT",
			"color":	[0.15473267436027527, 0.10236448794603348, 0.69607841968536377],
			"intensity":	0.5,
			"max_dist":	1000,
			"light_type":	"POINT",
			"model":	[1, 0, 0, 0, 0, 1, 0, 0, 0, 0, 1, 0, -507.01998901367188, 138.153564453125, 1490.0447998046875, 1]
		}, {
			"name":	"point light 6",
			"type":	"LIGHT",
			"color":	[0.14619377255439758, 0.27506545186042786, 0.76470589637756348],
			"intensity":	2.0999999046325684,
			"max_dist":	1000,
			"light_type":	"POINT",
			"model":	[1, 0, 0, 0, 0, 1, 0, 0, 0, 0, 1, 0, -672.222412109375, 128.77859497070312, 753.37933349609375, 1]
		}, {
			"name":	"point light 7",
			"type":	"LIGHT",
			"color":	[0.18995097279548645, 0.390084058046341, 0.7598038911819458],
			"intensity":	2,
			"max_dist":	1000,
			"light_type":	"POINT",
			"model":	[1, 0, 0, 0, 0, 1, 0, 0, 0, 0, 1, 0, 264.2552490234375, 161.4757080078125, 1326.0897216796875, 1]
		}, {
			"name":	"point light 8",
			"type":	"LIGHT",
			"color":	[0.20371973514556885, 0.62141698598861694, 0.76960784196853638],
			"intensity":	1.1999998092651367,
			"max_dist":	1000,
			"light_type":	"POINT",
			"model":	[1, 0, 0, 0, 0, 1, 0, 0, 0, 0, 1, 0, 1319.058349609375, 188.75473022460938, 1232.84912109375, 1]
		}, {
			"name":	"point light 9",
			"type":	"LIGHT",
			"color":	[0.0922962427139282, 0.81862747669219971, 0.58363789319992065],
			"intensity":	1.1999998092651367,
			"max_dist":	1000,
			"light_type":	"POINT",
			"model":	[1, 0, 0, 0, 0, 1, 0, 0, 0, 0, 1, 0, 1637.80419921875, 222.6451416015625, 470.33319091796875, 1]
		}, {
			"name":	"point light 10",
			"type":	"LIGHT",
			"color":	[0.13401094079017639, 0.82843136787414551, 0.563890278339386],
			"intensity":	1.3000001907348633,
			"max_dist":	955,
			"light_type":	"POINT",
			"model":	[1, 0, 0, 0, 0, 1, 0, 0, 0, 0, 1, 0, 1424.979248046875, 202.1973876953125, -584.158203125, 1]
		}, {
			"name":	"point light 11",
			"type":	"LIGHT",
			"color":	[0.10207612067461014, 0.86764705181121826, 0.39372238516807556],
			"intensity":	1.8000001907348633,
			"max_dist":	1000,
			"light_type":	"POINT",
			"model":	[1, 0, 0, 0, 0, 1, 0, 0, 0, 0, 1, 0, 1336.6021728515625, 105.814453125, -1443.23974609375, 1]
		}, {
			"name":	"point light 12",
			"type":	"LIGHT",
			"color":	[0.21660749614238739, 0.82843136787414551, 0.10964533686637878],
			"intensity":	1.3000001907348633,
			"max_dist":	1000,
			"light_type":	"POINT",
			"model":	[1, 0, 0, 0, 0, 1, 0, 0, 0, 0, 1, 0, 721.0106201171875, 198.00396728515625, -1042.34423828125, 1]
		}, {
			"name":	"point light 13",
			"type":	"LIGHT",
			"color":	[0.39741715788841248, 0.78921568393707275, 0.0889802053570747],
			"intensity":	1.5999999046325684,
			"max_dist":	1000,
			"light_type":	"POINT",
			"model":	[1, 0, 0, 0, 0, 1, 0, 0, 0, 0, 1, 0, -258.7520751953125, 148.59368896484375, -1437.4686279296875, 1]
		}, {
			"name":	"point light 14",
			"type":	"LIGHT",
			"color":	[0.48432064056396484, 0.61764705181121826, 0.20285466313362122],
			"intensity":	1.6999998092651367,
			"max_dist":	1000,
			"light_type":	"POINT",
			"model":	[1, 0, 0, 0, 0, 1, 0, 0, 0, 0, 1, 0, -584.60235595703125, 199.594482421875, -716.6473388671875, 1]
		}, {
			"name":	"point light 15",
			"type":	"LIGHT",
			"color":	[0.82843136787414551, 0.64336860179901123, 0.12182816118001938],
			"intensity":	1.0999999046325684,
			"max_dist":	1000,
			"light_type":	"POINT",
			"model":	[1, 0, 0, 0, 0, 1, 0, 0, 0, 0, 1, 0, -992.01239013671875, 181.69258117675781, 135.18988037109375, 1]
		}, {
			"name":	"point light 16",
			"type":	"LIGHT",
			"color":	[0.86764705181121826, 0.55670976638793945, 0.110582485795021],
			"intensity":	-0.29999995231628418,
			"max_dist":	1000,
			"light_type":	"POINT",
			"model":	[1, 0, 0, 0, 0, 1, 0, 0, 0, 0, 1, 0, 435.04840087890625, 283.43215942382812, -1595.6287841796875, 1]
		}, {
			"name":	"point light 17",
			"type":	"LIGHT",
			"color":	[0.88235294818878174, 0.35539200901985168, 0.13840830326080322],
			"intensity":	-0.5,
			"max_dist":	1000,
			"light_type":	"POINT",
			"model":	[1, 0, 0, 0, 0, 1, 0, 0, 0, 0, 1, 0, 26.354537963867188, 292.59951782226562, -800.31585693359375, 1]
		}, {
			"name":	"point light 18",
			"type":	"LIGHT",
			"color":	[1, 0, 0],
			"intensity":	-0.79999995231628418,
			"max_dist":	1000,
			"light_type":	"POINT",
			"model":	[1, 0, 0, 0, 0, 1, 0, 0, 0, 0, 1, 0, 791.0035400390625, 142.07797241210938, 870.41583251953125, 1]
		}, {
			"name":	"gmc 1",
			"type":	"PREFAB",
			"filename":	"prefabs/gmc/scene.gltf",
			"model":	[0.14484144747257233, 0, -0.98945200443267822, 0, 0, 1, 0, 0, 0.98945200443267822, 0, 0.14484144747257233, 0, -447.77450561523438, 6.9526023864746094, -676.7806396484375, 1]
		}, {
			"name":	"gmc 3",
			"type":	"PREFAB",
			"filename":	"prefabs/gmc/scene.gltf",
			"model":	[-0.91604417562484741, -1.66713243743288e-06, -0.40106987953186035, 0, -1.09000620795996e-06, 1, -1.66713743965374e-06, 0, 0.40106987953186035, -1.09000291104167e-06, -0.91604417562484741, 0, -607.135009765625, 1.281494140625, 729.27899169921875, 1]
		}, {
			"name":	"gmc 4",
			"type":	"PREFAB",
			"filename":	"prefabs/gmc/scene.gltf",
			"model":	[-0.28657245635986328, -5.21540641784668e-07, 0.95805639028549194, 0, -5.84771032663411e-06, 1, -1.20478512144473e-06, 0, -0.95805639028549194, -5.94769471717882e-06, -0.28657245635986328, 0, 1024.4716796875, 5.5262260437011719, -786.25634765625, 1]
		}, {
			"name":	"gmc 5",
			"type":	"PREFAB",
			"filename":	"prefabs/gmc/scene.gltf",
			"model":	[-0.2822316586971283, 5.13640713961649e-07, 0.95934510231018066, 0, 7.39869392418768e-08, 1, -5.13641282395838e-07, 0, -0.95934510231018066, -7.39868539767485e-08, -0.2822316586971283, 0, 988.799560546875, -0.36343002319335938, 1034.000244140625, 1]
		}]
}