{
	"environment":	"night.hdre",
	"background_color":	[0.00999999977648258, 0.00999999977648258, 0.10000000149011612],
	"ambient_light":	[0.0799999982118607, 0.12999999523162842, 0.18000000715255737],
	"camera_position":	[-300, 88.4000015258789, -150],
	"camera_target":	[0, 0, 0],
	"camera_fov":	80,
	"entities":	[{
			"name":	"floor",
			"type":	"PREFAB",
			"filename":	"prefabs/floor/floor.glb",
			"model":	[1, 0, 0, 0, 0, 1, 0, 0, 0, 0, 1, 0, 0, 0, 0, 1]
		}, {
			"name":	"gmc",
			"type":	"PREFAB",
			"filename":	"prefabs/gmc/scene.gltf",
			"model":	[0.70710676908493042, 0, -0.70710676908493042, 0, 0, 1, 0, 0, 0.70710676908493042, 0, 0.70710676908493042, 0, -183, -2, -67, 1]
		}, {
			"name":	"fallout",
			"type":	"PREFAB",
			"filename":	"prefabs/fallout/scene.gltf",
			"model":	[-0.25711500644683838, 0, -0.30641782283782959, 0, 0, 0.39999997615814209, 0, 0, 0.30641782283782959, 0, -0.25711500644683838, 0, -190.43499755859375, 21, 222, 1]
		}, {
			"name":	"fallout 1",
			"type":	"PREFAB",
			"filename":	"prefabs/fallout/scene.gltf",
			"model":	[-0.37587705254554749, 0, 0.13680808246135712, 0, 0, 0.40000000596046448, 0, 0, -0.13680808246135712, 0, -0.37587705254554749, 0, 350, 21, 926, 1]
		}, {
			"name":	"ambulance",
			"type":	"PREFAB",
			"filename":	"prefabs/ambulance/scene.gltf",
			"model":	[0.70710676908493042, 0, 0.70710676908493042, 0, 0, 1, 0, 0, -0.70710676908493042, 0, 0.70710676908493042, 0, 866, 2.7999999523162842, -225, 1]
		}, {
			"name":	"matador",
			"type":	"PREFAB",
			"filename":	"prefabs/matador/scene.gltf",
			"model":	[-0.2828427255153656, 0, -0.2828427255153656, 0, 0, 0.40000000596046448, 0, 0, 0.2828427255153656, 0, -0.2828427255153656, 0, 841, 0.0500000007450581, 379, 1]
		}, {
			"name":	"matador 1",
			"type":	"PREFAB",
			"filename":	"prefabs/matador/scene.gltf",
			"model":	[-0.37587705254554749, 0, 0.136808067560196, 0, 0, 0.40000000596046448, 0, 0, -0.136808067560196, 0, -0.37587705254554749, 0, 350, 21, -926, 1]
		}, {
			"name":	"house",
			"type":	"PREFAB",
			"filename":	"prefabs/house_test/scene.gltf",
			"model":	[0.40000000596046448, 0, 0, 0, 0, 0.40000000596046448, 0, 0, 0, 0, 0.40000000596046448, 0, 300, 0, 200, 1]
		}, {
			"name":	"house 1",
			"type":	"PREFAB",
			"filename":	"prefabs/house_test/scene.gltf",
			"model":	[0.40000000596046448, 0, 0, 0, 0, 0.40000000596046448, 0, 0, 0, 0, 0.40000000596046448, 0, 300, 0, -200, 1]
		}, {
			"name":	"trash",
			"type":	"PREFAB",
			"filename":	"prefabs/trash_can/scene.gltf",
			"model":	[0.5, 0, 0, 0, 0, 0.5, 0, 0, 0, 0, 0.5, 0, 137.06500244140625, 0, 33.207000732421875, 1]
		}, {
			"name":	"tree",
			"type":	"PREFAB",
			"filename":	"prefabs/tree/scene.gltf",
			"model":	[-3.49691120504758e-08, 0, -0.800000011920929, 0, 0, 0.79999995231628418, 0, 0, 0.800000011920929, 0, -3.49691120504758e-08, 0, 80, 0, -400, 1]
		}, {
			"name":	"spot",
			"type":	"PREFAB",
			"filename":	"prefabs/spotlight/scene.gltf",
			"model":	[-5.6381559371948242, 0, 2.0521211624145508, 0, 0, 6, 0, 0, -2.0521211624145508, 0, -5.6381559371948242, 0, 156, 109, -149, 1]
		}, {
			"name":	"spot 1",
			"type":	"PREFAB",
			"filename":	"prefabs/spotlight/scene.gltf",
			"model":	[-5.7955551147460938, 0, -1.5529143810272217, 0, 0, 6, 0, 0, 1.5529143810272217, 0, -5.7955551147460938, 0, 156, 109, 315, 1]
		}, {
			"name":	"spot 2",
			"type":	"PREFAB",
			"filename":	"prefabs/spotlight/scene.gltf",
			"model":	[5.6381559371948242, 0, -2.0521206855773926, 0, 0, 6, 0, 0, 2.0521206855773926, 0, 5.6381559371948242, 0, 510.22100830078125, 109.02400207519531, -150.4530029296875, 1]
		}, {
			"name":	"spot 3",
			"type":	"PREFAB",
			"filename":	"prefabs/spotlight/scene.gltf",
			"model":	[5.7955551147460938, 0, 1.5529142618179321, 0, 0, 6, 0, 0, -1.5529142618179321, 0, 5.7955551147460938, 0, 505.78500366210938, 109, 315, 1]
		}, {
			"name":	"flash ",
			"type":	"PREFAB",
			"filename":	"prefabs/flashlight/scene.gltf",
			"model":	[-0.49999997019767761, -0.70710676908493042, 0.49999994039535522, 0, 0.70710676908493042, -4.37113882867379e-08, 0.70710676908493042, 0, -0.49999994039535522, 0.70710676908493042, 0.49999997019767761, 0, 18.563999176025391, 41.5, -126.91300201416016, 1]
		}, {
			"name":	"front drawer",
			"type":	"PREFAB",
			"filename":	"prefabs/drawer/scene.gltf",
			"model":	[-0.20000000298023224, 0, -1.74845560252379e-08, 0, 0, 0.20000000298023224, 0, 0, 1.74845560252379e-08, 0, -0.20000000298023224, 0, 16.136999130249023, 0, -111.67099761962891, 1]
		}, {
			"name":	"back drawer",
			"type":	"PREFAB",
			"filename":	"prefabs/drawer/scene.gltf",
			"model":	[0.20000000298023224, 0, 0, 0, 0, 0.20000000298023224, 0, 0, 0, 0, 0.20000000298023224, 0, 583.3179931640625, 0, 62.556999206542969, 1]
		}, {
			"name":	"lamp",
			"type":	"PREFAB",
			"filename":	"prefabs/lamp/scene.gltf",
			"model":	[1, 0, 0, 0, 0, 1, 0, 0, 0, 0, 1, 0, 583.3179931640625, 40, 62.556999206542969, 1]
		}, {
			"name":	"lamp light",
			"type":	"LIGHT",
			"color":	[0.67000001668930054, 0.67000001668930054, 0.449999988079071],
			"intensity":	3,
			"max_dist":	250,
			"light_type":	"POINT",
			"model":	[1, 0, 0, 0, 0, 1, 0, 0, 0, 0, 1, 0, 583.99102783203125, 54.991001129150391, 62.783000946044922, 1]
		}, {
			"name":	"flashlight",
			"type":	"LIGHT",
			"color":	[1, 0.89999997615814209, 0.800000011920929],
			"intensity":	5,
			"max_dist":	1000,
			"cone_angle":	20,
			"cone_exp":	30,
			"cast_shadows":	true,
			"shadow_bias":	0.00100000004749745,
			"light_type":	"SPOT",
			"model":	[-0.731353759765625, 0, 0.68199831247329712, 0, 0, 1, 0, 0, -0.68199831247329712, 0, -0.731353759765625, 0, 35.367000579833984, 41, -111.17099761962891, 1]
		}, {
			"name":	"moonlight",
			"type":	"LIGHT",
			"color":	[0.10000000149011612, 0.20000000298023224, 0.40000000596046448],
			"intensity":	1,
			"max_dist":	1000,
			"area_size":	1500,
			"cast_shadows":	true,
			"light_type":	"DIRECTIONAL",
			"model":	[0.661621630191803, 0, -0.74983781576156616, 0, 0.59822410345077515, 0.60291600227355957, 0.52784478664398193, 0, 0.45208927989006042, -0.797804594039917, 0.3989022970199585, 0, 150, 300, 50, 1]
		}, {
			"name":	"spotlight",
			"type":	"LIGHT",
			"color":	[0.300000011920929, 0.60000002384185791, 0.89999997615814209],
			"intensity":	30,
			"max_dist":	1500,
			"cone_angle":	30,
			"cone_exp":	12,
			"cast_shadows":	true,
			"shadow_bias":	0.00100000004749745,
			"light_type":	"SPOT",
			"model":	[-0.25881898403167725, 0, -0.96592587232589722, 0, 0, 1, 0, 0, 0.96592587232589722, 0, -0.25881898403167725, 0, 147, 106, -145, 1]
		}, {
			"name":	"spotlight 1",
			"type":	"LIGHT",
			"color":	[0.800000011920929, 0.20000000298023224, 0.699999988079071],
			"intensity":	20,
			"max_dist":	1500,
			"cone_angle":	30,
			"cone_exp":	12,
			"cast_shadows":	true,
			"shadow_bias":	0.00100000004749745,
			"light_type":	"SPOT",
			"model":	[0.0871557369828224, 0, -0.99619472026824951, 0, 0, 1, 0, 0, 0.99619472026824951, 0, 0.0871557369828224, 0, 145, 106, 313, 1]
		}, {
			"name":	"spotlight 2",
			"type":	"LIGHT",
			"color":	[0.25, 0.75, 0.20000000298023224],
			"intensity":	30,
			"max_dist":	1500,
			"cone_angle":	30,
			"cone_exp":	12,
			"cast_shadows":	true,
			"shadow_bias":	0.00100000004749745,
			"light_type":	"SPOT",
			"model":	[0.25881907343864441, 0, 0.96592581272125244, 0, 0, 1, 0, 0, -0.96592581272125244, 0, 0.25881907343864441, 0, 522.62701416015625, 105.81500244140625, -154.83500671386719, 1]
		}, {
			"name":	"spotlight 3",
			"type":	"LIGHT",
			"color":	[0.20000000298023224, 0.10000000149011612, 0.60000002384185791],
			"intensity":	20,
			"max_dist":	1500,
			"cone_angle":	30,
			"cone_exp":	12,
			"cast_shadows":	true,
			"shadow_bias":	0.00100000004749745,
			"light_type":	"SPOT",
			"model":	[-0.258819043636322, 0, 0.96592581272125244, 0, 0, 1, 0, 0, -0.96592581272125244, 0, -0.258819043636322, 0, 516.6619873046875, 105.81500244140625, 317.65301513671875, 1]
		}, {
			"name":	"spotlight emissive",
			"type":	"LIGHT",
			"color":	[0.300000011920929, 0.60000002384185791, 0.89999997615814209],
			"intensity":	15,
			"max_dist":	20,
			"light_type":	"POINT",
			"model":	[1, 0, 0, 0, 0, 1, 0, 0, 0, 0, 1, 0, 147, 106, -145, 1]
		}, {
			"name":	"spotlight emissive 1",
			"type":	"LIGHT",
			"color":	[0.800000011920929, 0.20000000298023224, 0.699999988079071],
			"intensity":	15,
			"max_dist":	20,
			"light_type":	"POINT",
			"model":	[1, 0, 0, 0, 0, 1, 0, 0, 0, 0, 1, 0, 145, 106, 313, 1]
		}, {
			"name":	"spotlight emissive 2",
			"type":	"LIGHT",
			"color":	[0.25, 0.75, 0.20000000298023224],
			"intensity":	15,
			"max_dist":	20,
			"light_type":	"POINT",
			"model":	[1, 0, 0, 0, 0, 1, 0, 0, 0, 0, 1, 0, 519.7769775390625, 107.38700103759766, -153.66600036621094, 1]
		}, {
			"name":	"spotlight emissive 3",
			"type":	"LIGHT",
			"color":	[0.20000000298023224, 0.10000000149011612, 0.60000002384185791],
			"intensity":	15,
			"max_dist":	20,
			"light_type":	"POINT",
			"model":	[1, 0, 0, 0, 0, 1, 0, 0, 0, 0, 1, 0, 516.5999755859375, 107.23300170898438, 317.91500854492188, 1]
		}]
}